.Random.seed <-
c(403L, 16L, 1155021954L, 1579732061L, 971395927L, 723365438L, 
1229906552L, -211742373L, -1122189127L, -322989816L, -703159370L, 
-1923538703L, -1115269341L, -1754009230L, -889306172L, 1671376775L, 
1826706781L, 273435476L, 918581626L, -2051310395L, 892247583L, 
1078557094L, -1122518224L, 1710954963L, -889233423L, -2066929376L, 
-1662068802L, 400652233L, 620861307L, 1072024906L, -1059313236L, 
2146403503L, 714505829L, -1124784612L, 1052506226L, -832471315L, 
-1977015513L, -1242693810L, -1564035160L, -1321385045L, 467828937L, 
-102610728L, 744322438L, -1739789215L, 424549875L, 2086591586L, 
-1079108908L, -1693094953L, -1556307507L, -590957212L, -1398455990L, 
1670670517L, -20185073L, 1691302166L, -81648704L, -554799229L, 
-199467615L, 12976528L, -999896466L, -1286771687L, -1359417173L, 
-2110516070L, 1218913372L, 333619551L, -1439808715L, 604653260L, 
-1647913950L, 390735485L, 411925367L, -447073122L, 1539371864L, 
1825552059L, -2119444391L, 799198184L, -902902250L, -1579888239L, 
-1231814077L, 728334674L, -520006172L, -483591129L, -1770370947L, 
-1826777740L, -1167795878L, -629616731L, 621539263L, -157817786L, 
-1305886000L, 1973456115L, -912676335L, 708439104L, 1986183198L, 
321019625L, 1586060315L, 1589965866L, -1126283444L, -543294193L, 
1661657157L, 1707051516L, 1190414418L, 715780557L, -1789897849L, 
-1109625234L, -324028856L, 1507496011L, 855570857L, -1052953352L, 
2030321702L, 2085245249L, -457806125L, 1741117058L, 2054315188L, 
-152132553L, -1881356499L, -1346583484L, -1389270678L, -857045547L, 
262808431L, 37403254L, -1108886112L, -1356780957L, 678394625L, 
-1349143952L, 1781657102L, 2059921017L, -120253941L, 1142770490L, 
-63589828L, -223350401L, -1048028459L, -766756116L, -792146878L, 
295035805L, -1221658089L, 2074525566L, -89092808L, -1250121189L, 
-607374471L, -50608696L, 1923201526L, 120908849L, -361730461L, 
-50302414L, -449953916L, -435434041L, -422706019L, 357614612L, 
725410490L, 1728439045L, -1896261409L, 249708902L, 1443153136L, 
-754282477L, -1810803279L, -1123291040L, 1854774782L, -644937335L, 
31776443L, 717691530L, 699155820L, -1005673745L, 1932688677L, 
905505756L, 494692786L, -152172371L, 2041460839L, -1852928114L, 
1330550888L, 1285063787L, 563596809L, 599904408L, -430638138L, 
-826626271L, -1937900621L, -1238289630L, -1129265900L, 1199195543L, 
1431166349L, -1671529308L, 469065354L, -635775755L, -722949297L, 
-372681642L, 399906560L, 2071212611L, -913651231L, -2058826416L, 
-1220697170L, -309526183L, -1510416533L, -1551888678L, 1370488732L, 
-1220205665L, -1757967883L, 196750476L, -1425640094L, -1337407171L, 
740893111L, -2046704034L, -945107048L, 649953019L, 462812825L, 
-412983512L, 313595350L, 1885559377L, 47403267L, -1572156270L, 
-1508113884L, 848166119L, 957116733L, 1385194932L, -367519206L, 
639230309L, -63229953L, 1930479238L, 650935824L, -1326201677L, 
1470086993L, 1802498816L, -1315583522L, 324637225L, 334823899L, 
-1626624278L, 1175379084L, 442254287L, 262814597L, 525072444L, 
-914294510L, -1018483187L, 1379523911L, 942638572L, -1491570796L, 
1091813074L, -174658976L, 634928460L, 389267744L, -437191038L, 
119993832L, -1394928660L, 1834310204L, -861071758L, 1564355440L, 
-719384284L, -1324146120L, 1487624602L, -1476547120L, 484982204L, 
105006228L, 717654146L, -1243816512L, -1249427652L, -1970671472L, 
-1159959774L, 1467390472L, -261363444L, -411174500L, 1953237522L, 
-977068160L, -1444345068L, -202436312L, 1280677946L, 101506000L, 
1753468524L, 1284051508L, -798349678L, 1481608544L, -1185715892L, 
973923296L, 368890274L, 1228822952L, 24614540L, 2058161596L, 
2059100786L, -1480078352L, -1530826172L, 185323608L, -1816787910L, 
178615408L, -751193028L, -1543416556L, -283886910L, -1036519712L, 
-1844032388L, 1602280144L, -912569950L, -1392731096L, -696068340L, 
2043567548L, -1824745678L, 203300544L, 208306228L, -460849464L, 
-1738962758L, -1210994032L, -135602452L, -1025668524L, 1414811282L, 
2076396832L, 1536771532L, -1183334688L, -624089918L, -1639097304L, 
-283597908L, 87961276L, -357574670L, -1995167184L, -1947466844L, 
965418424L, -1111580838L, 681664656L, -847368324L, 911045908L, 
551328066L, 973960448L, -512036420L, -905931440L, -1497489118L, 
-52538808L, 1130730508L, -534785444L, 596907474L, -1322250752L, 
-569001644L, 835517672L, 822192378L, -1295070512L, 2047573804L, 
-1240492812L, -1768673902L, 1476510048L, -480129012L, -915441440L, 
812435042L, 605085864L, 228069452L, -991352964L, -1841550030L, 
-926667152L, 313870148L, 808098776L, -1499961478L, 1591452720L, 
-218159172L, 1424607828L, 2119952450L, -1976568160L, -1958776132L, 
186114000L, 297787746L, 1222159080L, 1705708748L, -595445252L, 
-137276942L, -591206272L, -995516940L, 417344136L, -633206982L, 
1854263632L, -1206554516L, -1328458348L, -1891752878L, -1111592480L, 
-1905303348L, 1211034272L, -1331680894L, 941108456L, 1906914028L, 
-163714756L, -14900110L, 477720176L, -1069119964L, 1089124408L, 
-1265105638L, -2111676208L, 903748924L, -1135919212L, -1664454782L, 
-203751488L, 1874167356L, 1008794000L, -1403055070L, 1972549896L, 
1539789964L, 35103516L, 954304658L, -150947456L, 403078164L, 
1052053288L, 1060337210L, -1720376880L, 9433452L, 1549014964L, 
291794450L, 1315312608L, 1597298124L, -535448352L, 39272482L, 
-1940101336L, -1468799476L, 2014446396L, -317549582L, 972770032L, 
-611390908L, -621803944L, 587802426L, 1979302896L, 879777468L, 
339358996L, -61927230L, 1051049056L, 538876284L, -1959860272L, 
-488224478L, 359693992L, -100750452L, 1966902460L, -481009870L, 
1636364864L, 1053680820L, 643126344L, -1815291462L, -2112827888L, 
-1989494548L, 1281272148L, 919979794L, 99181984L, -1104983348L, 
-1416837536L, 80637890L, 1645511464L, 2064981420L, -1675030212L, 
1271746418L, 1213817136L, -1934655708L, -409905864L, 861010650L, 
-1821239408L, -1996983556L, -990052460L, -2124384190L, -1219580672L, 
1707527228L, 87268688L, 1852369058L, -1608743096L, -1422239988L, 
-489293092L, 443597650L, 730178176L, 1327564884L, -1633641496L, 
11474682L, -240080560L, -604658900L, 1301280628L, 1267553170L, 
-292879198L, -1679689072L, -1922398663L, -1918904597L, -1462564900L, 
672696842L, 1868438783L, 102897993L, 138742494L, 258078860L, 
649891933L, 886414951L, 1931382672L, -1858993234L, -881759653L, 
-1180195267L, -381478742L, 622979400L, -1488167567L, -2056906013L, 
1683927524L, -1489666798L, 1668952295L, 1315669681L, 438123766L, 
-1425891564L, -1918453723L, -576078545L, 716673768L, -740937786L, 
-508931469L, 1945212117L, -697567566L, 289369728L, 1162450537L, 
1977285339L, 1876657708L, 1952712250L, -1888337681L, 177310585L, 
-1406253042L, 1283501532L, -1212309939L, -1308836425L, 892310336L, 
1870193182L, 1991009515L, 1426762861L, 1876397274L, -1296116584L, 
1147556609L, -2135607117L, 2123535316L, 1830096610L, 559976311L, 
-1107160383L, 1032397382L, 91393412L, 63550261L, 963227935L, 
-1043916680L, -1218214570L, 1116552163L, -248343131L, 1526429762L, 
-697190864L, -1002598823L, 1578043339L, -1379854276L, -1803590038L, 
408681631L, -1880650455L, 1433893310L, 3430572L, 1959280125L, 
-1081285305L, 1488625200L, 982091598L, 1096596347L, 1942609117L, 
1422732554L, 658987048L, -277189487L, 840308867L, 679156100L, 
-471341134L, 1035528455L, -1503114415L, -430146858L, -213138508L, 
-1413497915L, -783787249L, 916580744L, 980413606L, -1044439981L, 
-608379467L, -1309535470L, -423018272L, 327959881L, 880310139L, 
1001935436L, -1881646118L, -1177595441L, 1435568025L, -261865554L, 
-1478622020L, 1754070317L, -1869877545L, -1896794336L, 1423032446L, 
50660939L, 1867193421L, 692617850L, 1757838008L, -1471418271L, 
-1971367405L, 798242868L, 1632286274L, -603151785L, 286724513L, 
-1886973338L, -483192220L, 91701653L, -1518699841L, 2010669656L, 
591451766L, 713804419L, 1848889029L, 1343953890L, -2044520880L, 
1191420793L, -824719189L, 1413144604L, 1429286730L, 482395967L, 
400112009L, -1984656994L, -1390264244L, 460409373L, 852830119L, 
1891646160L, 157535342L, 2143302427L, -904811395L, -1822817686L, 
-1000918264L, 1651825585L, -63665117L, -419076828L, 1552105938L, 
